                                334441         48888886        88888                               
                               44999995         80000000      0000003                               
                                49999994         90000000   300000005                               
                                 29999994         300000003400000000                                
                                  19999994         100000000000000                                  
                                   299999961666666666800000000008                                  
                          59999999999999999996666666630000000008         55                         
                         59999999999999999969966666666180000000         6961                        
                        49999999999999999999966966666662600000087     7699993                       
                                   50088889              200000001   769999997                      
                                  90000008                300000001 199999967                       
                                 00000008                  1000000659999996                         
                               700000006                    10000549999994                          
                  600000000000000000003                      990449999999999999996                 
                 800000000000000000007                        774999999999999999999                
                 3000000000000000008533                      7769999999999999999992                
                  3333333320000000824644                    1166966961777777777777                   
                          000000081666644                  226666666                                
                         00000004 66666667                526666665                                 
                        00000002  446666661              556666663                                  
                       50000003    446999992144666666666666666666666666666663                       
                      42000003      4699999450000000000000000000000000000081                       
                       288311        69999994400000000000000000000000000081                        
                        8811        59999999996480000000000000000000000006                          
                         11        59999999999997        100000005                                  
                                  6999999469999991         80000006                                 
                                 99999993  69999995         80000008                                
                                99999997    49999994         80000008                               
                               69999996      29999994         50000998                              
